==Ntp_____________Nfp_____________tend____________Nstep___________eta_____________SAA_____________gen_fp_el_______fp_gen_mode_____use_pos_vel_____write_fp_data___
  10              100             1.0             10              0.02            1               1               1               0               0               
==SMBH_mass_______chix____________chiy____________chiz____________detect_capt_____capt_radius_____min_a_plunge____tp_25PN_mass____
  1000000.0       0.0             0.0             1.0             0               0.078981013656  2.06265         50.0            
==fp_mass_________fp_gamma________fp_amin_________fp_amax_________fp_rpmin________fp_prec_fact____
  50.0            2.0             20.6265         20626.5         0.078981013656  1.0             
==f_1PN___________f_2PN___________f_25PN__________f_15PN_spin_____f_2PN_spin______
  1               0               0               0               0               
==OpenMP__________OMPnumthread____OMPminN_________resume__________N_resume________GPUminN_________
  1               16              100             1               100             50              
==atp_____________etp_____________MAtp____________Itp_____________APtp____________LANtp___________
  1773.83705884   0.75795440294   -0.499063476296 2.07392230925   0.0708411636458 -0.597316430786 
  1661.29694371   0.303312726079  -0.147045673813 1.4032494527    2.56424888393   0.0294483836087 
  729.464546776   0.755804204157  0.743734340736  2.0932261513    2.57451165517   3.03343060956   
  1710.34012365   0.90216595044   -1.19287800299  1.09318007105   2.5059748709    1.15600513777   
  1082.74365483   0.100701208068  -0.413610556275 1.34716298186   2.59502498141   2.93177427421   
  1091.77879405   0.865309927772  -1.5048711963   0.914665499334  0.30598675033   -3.05336604943  
  1542.31398427   0.398823542224  2.04106118753   1.22780423625   -3.13441210806  -0.0403514550658
  1816.86977838   0.243910876887  -1.09827337974  0.736323675156  -1.94108271158  0.424182493545  
  649.228030642   0.96754025029   1.90493278682   1.67504591167   -2.63613666844  -1.13063026402  
  1149.19838967   0.932833824227  -2.4563619984   1.46808131625   1.29786361551   0.298080037018  
