==Ntp_____________Nfp_____________tend____________Nstep___________eta_____________SAA_____________gen_fp_el_______fp_gen_mode_____use_pos_vel_____write_fp_data___
  100             1000            100000.0        1000            0.02            0               1               1               0               0               
==SMBH_mass_______chix____________chiy____________chiz____________detect_capt_____capt_radius_____min_a_plunge____tp_25PN_mass____
  1000000.0       0.0             0.0             1.0             1               0.078981013656  2.06265         50.0            
==fp_mass_________fp_gamma________fp_amin_________fp_amax_________fp_rpmin________fp_prec_fact____fp_random_seed__
  10.0            2.0             20.6265         20626.5         0.078981013656  1.0             0
==f_1PN___________f_2PN___________f_25PN__________f_15PN_spin_____f_2PN_spin______
  1               0               0               0               0               
==OpenMP__________OMPnumthread____OMPminN_________resume__________N_resume________GPUminN_________
  1               28              50              1               100             50              
==atp_____________etp_____________MAtp____________Itp_____________APtp____________LANtp___________
  1773.83705884   0.75795440294   -0.499063476296 2.07392230925   0.0708411636458 -0.597316430786 
  1661.29694371   0.303312726079  -0.147045673813 1.4032494527    2.56424888393   0.0294483836087 
  729.464546776   0.755804204157  0.743734340736  2.0932261513    2.57451165517   3.03343060956   
  1710.34012365   0.90216595044   -1.19287800299  1.09318007105   2.5059748709    1.15600513777   
  1082.74365483   0.100701208068  -0.413610556275 1.34716298186   2.59502498141   2.93177427421   
  1091.77879405   0.865309927772  -1.5048711963   0.914665499334  0.30598675033   -3.05336604943  
  1542.31398427   0.398823542224  2.04106118753   1.22780423625   -3.13441210806  -0.0403514550658
  1816.86977838   0.243910876887  -1.09827337974  0.736323675156  -1.94108271158  0.424182493545  
  649.228030642   0.96754025029   1.90493278682   1.67504591167   -2.63613666844  -1.13063026402  
  1149.19838967   0.932833824227  -2.4563619984   1.46808131625   1.29786361551   0.298080037018  
  1718.22906801   0.54028360697   2.91438353697   1.36293140284   0.550514250285  -0.345644141839 
  1313.20298554   0.384901145973  0.475329340674  2.00351561197   -1.95161184071  -1.96833642524  
  1343.80793951   0.65665938899   -0.147460126181 2.5328213473    1.61857317757   2.36731805813   
  1920.41566729   0.84246022314   2.50179550583   0.56204909956   0.255096851906  -0.683007059998 
  1515.54252424   0.275634121312  1.95802092259   0.796837401852  2.4821030359    0.56423747693   
  1969.3942642    0.579695010746  -0.310621162048 1.24454879948   3.1180799648    2.61971893457   
  1678.9817863    0.0823729881966 0.70863714849   1.5979112453    0.817739857042  2.1681863533    
  657.432683261   0.731489220791  -2.40561618354  2.16407079749   1.8509193996    -1.05220640671  
  1720.91383371   0.100607520216  -2.22199514647  1.16435695656   -2.85737862299  0.464113997053  
  1895.60507945   0.534197968261  1.13467498435   2.81333781709   0.848229450426  0.668143984022  
  1275.45541343   0.391209409323  -0.815934818875 0.280080092207  -2.91293473757  -3.00564645277  
  1990.30905317   0.184971941397  -2.36313637685  2.18811031522   1.8896465577    2.74555819729   
  248.558231733   0.425618831967  -2.50384796654  2.07163368388   -1.75408142066  0.923161524116  
  856.545466665   0.18031790153   0.0228488361042 2.7420592266    -2.50748579377  3.0676719129    
  576.346099086   0.358555301312  1.45517507484   0.827588754174  2.62940034325   -2.07706645788  
  1454.94485261   0.966548903043  -2.77684781627  1.2106581292    2.17036673188   -0.990779525022 
  671.637216339   0.596791393469  -0.362451615892 2.27885594215   -0.178282774964 -0.566081094261 
  1262.75735296   0.508600130063  -1.18471971613  1.8605296096    2.1215877296    -1.56493622089  
  1246.95483728   0.0124363188293 1.51785657874   1.90515866749   -2.85447311661  -1.37675168314  
  652.039487133   0.953129339828  -0.928494180662 2.00892338336   -0.884664968684 2.8079921803    
  1382.7450067    0.621076845619  1.35477633376   1.79667779912   -0.537727638615 0.947710824013  
  209.094542591   0.192309541245  -1.04048486412  2.11901535613   0.863305898391  -0.762476661544 
  1831.38785303   0.56815142091   -0.537800470746 1.767528767     1.26813292765   -0.51379771887  
  1435.55551535   0.0467796859568 -0.343362318628 2.07321435357   -2.15081870049  0.173247086342  
  1110.81755284   0.561404925614  1.60525813585   0.69547363219   -0.0340380859021-1.18087286472  
  1072.99674232   0.80904585736   2.35629710391   0.895882722424  -1.96034568508  3.13795066464   
  1381.52147758   0.0834670501757 1.4171998122    0.230102770891  -0.616903100086 1.12164285805   
  793.211494881   0.213524662065  1.36548786415   3.04444493604   2.02778125682   0.178103025323  
  387.790385354   0.118903894785  0.937862324577  0.726795362455  -1.38240919445  3.0065995908    
  392.238928468   0.853938109597  -0.64907706077  2.56313915018   -1.41551466894  -0.295446778269 
  1677.15593337   0.861359903637  -2.30328658775  1.52905314816   0.947399026511  -0.960994251445 
  1824.77994666   0.278409815216  -3.02488671166  2.73550539229   1.13723624661   0.366659903635  
  1963.33814402   0.938438799735  2.575170896     2.72876726151   1.56536026184   1.26496113588   
  1422.86893515   0.712357652516  2.53030250142   1.28670803873   -0.801424916813 0.238313576663  
  592.10367643    0.587125504695  -3.08569063838  2.3433323724    -1.04672596863  1.81975597678   
  1540.07655094   0.338255970027  0.75736327113   2.73278160345   -2.11202648057  3.02795540473   
  743.745733727   0.394791982988  0.304635819853  1.99674623316   -0.137823748498 -1.63547491083  
  295.847387107   0.179586849042  0.144828877145  2.60269366663   -0.608406196338 -1.07743615532  
  976.14797407    0.0994003382387 2.56767114145   1.62281047515   2.14161323554   2.99223793115   
  844.214663692   0.479086519152  1.25409420074   1.71825954      -1.24467942957  1.47498397887   
  1866.61533228   0.919688844432  0.796343766299  1.82229659352   2.98175169593   0.872599460642  
  328.479507377   0.0846695691201 1.56997682214   2.64181197049   -3.09226333225  -0.667224317104 
  1169.73573691   0.448544285597  -0.07151016080151.40019253723   1.12659125685   -0.48356604575  
  890.029990567   0.988459058099  -1.50220571167  0.983394392669  -0.432151047475 -0.888942657023 
  324.80993855    0.863578944302  1.26922950577   0.633397186151  -0.304032073231 1.11162721923   
  427.008272304   0.397953601602  -1.83951576304  2.72828449577   2.8146241804    -1.78508832975  
  477.955279562   0.197970043558  -0.766347769766 1.47788016259   -2.19073077313  3.07052913024   
  2031.07142562   0.148402017086  -0.591204489186 1.20267959829   2.37288629284   -0.0288654250981
  1908.65668761   0.322460314881  -0.009796167677621.57350314637   1.06856970956   -1.87244382996  
  1338.23401462   0.218773096872  -1.00392536886  0.389410746805  2.507041442     1.99879673693   
  272.107749323   0.148366882462  -1.52755599798  0.966317738943  2.15094373085   0.52117878738   
  1539.39382638   0.807055379975  -2.72464593646  2.55118485421   2.31783761684   -2.89393569357  
  624.119913125   0.0406320266459 -3.04555328671  0.812191681563  -1.06440698265  -2.13194722794  
  482.53126948    0.65608366177   2.94428977567   1.56079677494   2.52012579121   0.0152593372549 
  1271.59325913   0.678571356789  1.91706260016   1.02898030049   3.08210699068   1.55172930449   
  1887.74274812   0.206104832066  0.222527202992  1.37226621608   2.04641219954   -0.111755479211 
  1674.74018341   0.38856889015   0.542794674819  0.791704895861  1.87276288951   0.986363029865  
  206.711825419   0.181968922186  0.0430887455828 2.08412681925   -2.72928473529  2.26121423017   
  1956.73770616   0.302804878149  -0.577593324023 0.901957943884  -2.75040933461  0.885834016987  
  442.621447316   0.287088339995  2.07307847446   2.66583488194   -2.91581371935  -0.516062860556 
  1119.292615     0.863325183108  1.36463713992   1.21633245434   -2.19048319096  3.05806351197   
  969.499493285   0.611770864325  -0.711991674687 2.70437711985   -0.18290849399  -2.19052100634  
  266.533397369   0.617400423681  0.816602291412  2.48065069543   0.308779389927  -0.963413516296 
  918.029134212   0.7764198987    -0.06082325994840.703545623954  0.691902750659  -0.206161268538 
  1380.08070031   0.337865379829  -2.36044322704  1.19709989574   0.766783867192  1.81311673874   
  442.228472915   0.91178331813   1.88081630144   0.58488638945   2.34070469026   1.13729704426   
  1710.40252313   0.519007309231  1.79378122862   2.24176512981   1.77257520801   -0.348216617511 
  1610.83600397   0.455470236812  1.81935114708   2.58549367844   -2.86110557253  2.72872192302   
  1108.77460055   0.901071399649  2.7946555931    1.23128929357   0.451112762813  -1.78455416072  
  379.792851363   0.819394215082  2.44272694319   0.97786857696   1.24722756878   -0.501956661686 
  773.040856052   0.113444895638  -0.465142649607 1.43838378405   2.65703706666   2.73792796419   
  977.855082641   0.0992109880981 1.7204538367    1.08313775234   -2.94869354939  -0.334776915068 
  1480.52127255   0.0301342345523 2.63442872245   0.391113955735  1.39827747581   -2.6481204552   
  336.823565511   0.359253314821  -2.95700832849  1.87994160561   -3.07898547897  2.98026252673   
  1726.65675105   0.0705176114782 2.47202558843   2.19449804317   -1.85485411886  1.09176091017   
  1948.04100068   0.123188121229  -3.09645068619  1.8356206354    -2.98671204506  0.65878090585   
  1801.22571221   0.186991702423  -2.4354189486   1.88714740184   2.88505975176   -2.32378774034  
  2000.49685734   0.362239869945  -0.167318694114 1.99844901298   2.74654896495   2.8786281223    
  1386.76937883   0.184045550175  3.09730743534   2.48953874203   0.507991646526  -2.15888324448  
  1872.69598806   0.945678391496  1.91254064804   1.94788705175   -1.61579216483  1.60132263735   
  746.583525449   0.419785377854  -2.8509596641   2.3972484845    -3.01247557911  -2.6519998167   
  342.173079514   0.420231702174  0.319042416472  1.06813697681   -2.24759922129  -0.488902526802 
  1388.71919736   0.0845556948189 -0.346761739106 1.83535976586   2.82072249985   -2.77806568561  
  964.832587611   0.417225479796  1.43370039389   1.93762616818   -1.85988394896  -1.29866117142  
  1080.41357049   0.950268329572  1.86307140076   2.03315404284   0.36556570134   1.18249738219   
  1683.31100895   0.44616438395   -0.636003462436 1.00595536706   -0.429037911794 -1.58362867157  
  1048.03726763   0.93710464629   -2.24581470633  1.64599647462   0.862703486906  -0.105004666567 
  584.299063875   0.001843160615671.25030179985   1.33103474394   -3.09273052412  -1.2656840879   
  1633.1461099    0.628920378545  0.284050969864  2.32891666231   1.29618369993   -0.179479680174 
  1465.22585183   0.760089836723  -1.68161461629  1.01926744566   -1.3817454302   3.04115679799   
